# x	Analytical	Spline
1.000000	-0.000584	-0.000584
1.001500	-0.002759	-0.002758
1.003000	-0.004935	-0.004932
1.004500	-0.007111	-0.007106
1.006000	-0.009287	-0.009280
1.007500	-0.011462	-0.011454
1.009000	-0.013638	-0.013628
1.010500	-0.015814	-0.015802
1.012000	-0.017989	-0.017976
1.013500	-0.020164	-0.020149
1.015000	-0.022340	-0.022323
1.016500	-0.024515	-0.024496
1.018000	-0.026690	-0.026670
1.019500	-0.028865	-0.028843
1.021000	-0.031039	-0.031016
1.022500	-0.033214	-0.033189
1.024000	-0.035388	-0.035362
1.025500	-0.037562	-0.037534
1.027000	-0.039736	-0.039706
1.028500	-0.041910	-0.041878
1.030000	-0.044083	-0.044050
1.031500	-0.046257	-0.046222
1.033000	-0.048429	-0.048393
1.034500	-0.050602	-0.050565
1.036000	-0.052775	-0.052735
1.037500	-0.054947	-0.054906
1.039000	-0.057119	-0.057076
1.040500	-0.059290	-0.059246
1.042000	-0.061461	-0.061416
1.043500	-0.063632	-0.063585
1.045000	-0.065802	-0.065754
1.046500	-0.067973	-0.067923
1.048000	-0.070142	-0.070091
1.049500	-0.072312	-0.072259
1.051000	-0.074481	-0.074427
1.052500	-0.076649	-0.076594
1.054000	-0.078817	-0.078761
1.055500	-0.080985	-0.080927
1.057000	-0.083152	-0.083093
1.058500	-0.085319	-0.085258
1.060000	-0.087485	-0.087423
1.061500	-0.089651	-0.089588
1.063000	-0.091816	-0.091752
1.064500	-0.093981	-0.093915
1.066000	-0.096145	-0.096078
1.067500	-0.098309	-0.098241
1.069000	-0.100472	-0.100403
1.070500	-0.102635	-0.102564
1.072000	-0.104797	-0.104725
1.073500	-0.106958	-0.106885
1.075000	-0.109119	-0.109045
1.076500	-0.111279	-0.111204
1.078000	-0.113439	-0.113363
1.079500	-0.115598	-0.115521
1.081000	-0.117756	-0.117678
1.082500	-0.119914	-0.119835
1.084000	-0.122071	-0.121991
1.085500	-0.124228	-0.124146
1.087000	-0.126383	-0.126301
1.088500	-0.128538	-0.128455
1.090000	-0.130692	-0.130608
1.091500	-0.132846	-0.132761
1.093000	-0.134999	-0.134913
1.094500	-0.137151	-0.137064
1.096000	-0.139302	-0.139214
1.097500	-0.141453	-0.141364
1.099000	-0.143602	-0.143513
1.100500	-0.145751	-0.145661
1.102000	-0.147899	-0.147808
1.103500	-0.150047	-0.149955
1.105000	-0.152193	-0.152101
1.106500	-0.154339	-0.154245
1.108000	-0.156484	-0.156390
1.109500	-0.158627	-0.158533
1.111000	-0.160770	-0.160675
1.112500	-0.162913	-0.162817
1.114000	-0.165054	-0.164957
1.115500	-0.167194	-0.167097
1.117000	-0.169333	-0.169236
1.118500	-0.171472	-0.171374
1.120000	-0.173609	-0.173511
1.121500	-0.175746	-0.175647
1.123000	-0.177881	-0.177782
1.124500	-0.180016	-0.179916
1.126000	-0.182150	-0.182049
1.127500	-0.184282	-0.184182
1.129000	-0.186414	-0.186313
1.130500	-0.188544	-0.188443
1.132000	-0.190673	-0.190572
1.133500	-0.192802	-0.192700
1.135000	-0.194929	-0.194827
1.136500	-0.197055	-0.196953
1.138000	-0.199180	-0.199078
1.139500	-0.201304	-0.201202
1.141000	-0.203427	-0.203325
1.142500	-0.205549	-0.205446
1.144000	-0.207670	-0.207567
1.145500	-0.209789	-0.209686
1.147000	-0.211908	-0.211805
1.148500	-0.214025	-0.213922
1.150000	-0.216141	-0.216038
1.151500	-0.218255	-0.218153
1.153000	-0.220369	-0.220266
1.154500	-0.222481	-0.222379
1.156000	-0.224592	-0.224490
1.157500	-0.226702	-0.226600
1.159000	-0.228811	-0.228709
1.160500	-0.230918	-0.230816
1.162000	-0.233024	-0.232922
1.163500	-0.235129	-0.235027
1.165000	-0.237232	-0.237131
1.166500	-0.239334	-0.239233
1.168000	-0.241435	-0.241334
1.169500	-0.243534	-0.243434
1.171000	-0.245632	-0.245533
1.172500	-0.247729	-0.247630
1.174000	-0.249824	-0.249726
1.175500	-0.251918	-0.251820
1.177000	-0.254011	-0.253913
1.178500	-0.256102	-0.256005
1.180000	-0.258191	-0.258095
1.181500	-0.260280	-0.260184
1.183000	-0.262367	-0.262271
1.184500	-0.264452	-0.264357
1.186000	-0.266536	-0.266442
1.187500	-0.268618	-0.268525
1.189000	-0.270699	-0.270606
1.190500	-0.272779	-0.272686
1.192000	-0.274856	-0.274765
1.193500	-0.276933	-0.276842
1.195000	-0.279008	-0.278918
1.196500	-0.281081	-0.280992
1.198000	-0.283153	-0.283064
1.199500	-0.285223	-0.285135
1.201000	-0.287291	-0.287205
1.202500	-0.289358	-0.289273
1.204000	-0.291424	-0.291339
1.205500	-0.293487	-0.293404
1.207000	-0.295549	-0.295467
1.208500	-0.297610	-0.297528
1.210000	-0.299669	-0.299588
1.211500	-0.301726	-0.301646
1.213000	-0.303781	-0.303703
1.214500	-0.305835	-0.305757
1.216000	-0.307887	-0.307811
1.217500	-0.309938	-0.309862
1.219000	-0.311986	-0.311912
1.220500	-0.314033	-0.313960
1.222000	-0.316078	-0.316006
1.223500	-0.318122	-0.318051
1.225000	-0.320163	-0.320094
1.226500	-0.322203	-0.322135
1.228000	-0.324241	-0.324174
1.229500	-0.326278	-0.326212
1.231000	-0.328312	-0.328247
1.232500	-0.330345	-0.330281
1.234000	-0.332375	-0.332313
1.235500	-0.334404	-0.334344
1.237000	-0.336431	-0.336372
1.238500	-0.338457	-0.338398
1.240000	-0.340480	-0.340423
1.241500	-0.342501	-0.342446
1.243000	-0.344521	-0.344467
1.244500	-0.346539	-0.346486
1.246000	-0.348554	-0.348503
1.247500	-0.350568	-0.350518
1.249000	-0.352580	-0.352531
1.250500	-0.354590	-0.354543
1.252000	-0.356598	-0.356552
1.253500	-0.358604	-0.358559
1.255000	-0.360608	-0.360565
1.256500	-0.362610	-0.362568
1.258000	-0.364609	-0.364569
1.259500	-0.366607	-0.366569
1.261000	-0.368603	-0.368566
1.262500	-0.370597	-0.370561
1.264000	-0.372589	-0.372555
1.265500	-0.374578	-0.374546
1.267000	-0.376566	-0.376535
1.268500	-0.378551	-0.378522
1.270000	-0.380535	-0.380507
1.271500	-0.382516	-0.382489
1.273000	-0.384495	-0.384470
1.274500	-0.386472	-0.386448
1.276000	-0.388447	-0.388425
1.277500	-0.390420	-0.390399
1.279000	-0.392390	-0.392371
1.280500	-0.394359	-0.394341
1.282000	-0.396325	-0.396308
1.283500	-0.398289	-0.398274
1.285000	-0.400251	-0.400237
1.286500	-0.402210	-0.402198
1.288000	-0.404167	-0.404157
1.289500	-0.406122	-0.406113
1.291000	-0.408075	-0.408067
1.292500	-0.410026	-0.410019
1.294000	-0.411974	-0.411969
1.295500	-0.413920	-0.413916
1.297000	-0.415864	-0.415861
1.298500	-0.417805	-0.417804
1.300000	-0.419744	-0.419744
1.301500	-0.421681	-0.421682
1.303000	-0.423615	-0.423618
1.304500	-0.425547	-0.425551
1.306000	-0.427477	-0.427482
1.307500	-0.429404	-0.429410
1.309000	-0.431329	-0.431336
1.310500	-0.433251	-0.433260
1.312000	-0.435171	-0.435181
1.313500	-0.437089	-0.437100
1.315000	-0.439004	-0.439016
1.316500	-0.440917	-0.440930
1.318000	-0.442827	-0.442842
1.319500	-0.444735	-0.444751
1.321000	-0.446641	-0.446657
1.322500	-0.448544	-0.448562
1.324000	-0.450444	-0.450463
1.325500	-0.452342	-0.452362
1.327000	-0.454237	-0.454259
1.328500	-0.456130	-0.456153
1.330000	-0.458021	-0.458044
1.331500	-0.459908	-0.459933
1.333000	-0.461794	-0.461819
1.334500	-0.463676	-0.463703
1.336000	-0.465556	-0.465584
1.337500	-0.467434	-0.467463
1.339000	-0.469309	-0.469339
1.340500	-0.471181	-0.471212
1.342000	-0.473051	-0.473083
1.343500	-0.474918	-0.474951
1.345000	-0.476782	-0.476817
1.346500	-0.478644	-0.478680
1.348000	-0.480503	-0.480540
1.349500	-0.482360	-0.482397
1.351000	-0.484214	-0.484252
1.352500	-0.486065	-0.486105
1.354000	-0.487913	-0.487954
1.355500	-0.489759	-0.489801
1.357000	-0.491602	-0.491645
1.358500	-0.493442	-0.493486
1.360000	-0.495279	-0.495325
1.361500	-0.497114	-0.497161
1.363000	-0.498946	-0.498994
1.364500	-0.500775	-0.500824
1.366000	-0.502602	-0.502652
1.367500	-0.504425	-0.504476
1.369000	-0.506246	-0.506298
1.370500	-0.508064	-0.508118
1.372000	-0.509879	-0.509934
1.373500	-0.511692	-0.511747
1.375000	-0.513501	-0.513558
1.376500	-0.515308	-0.515366
1.378000	-0.517112	-0.517171
1.379500	-0.518912	-0.518973
1.381000	-0.520710	-0.520772
1.382500	-0.522506	-0.522569
1.384000	-0.524298	-0.524362
1.385500	-0.526087	-0.526153
1.387000	-0.527874	-0.527940
1.388500	-0.529657	-0.529725
1.390000	-0.531438	-0.531507
1.391500	-0.533215	-0.533286
1.393000	-0.534990	-0.535061
1.394500	-0.536761	-0.536834
1.396000	-0.538530	-0.538604
1.397500	-0.540296	-0.540371
1.399000	-0.542058	-0.542135
1.400500	-0.543818	-0.543896
1.402000	-0.545575	-0.545654
1.403500	-0.547328	-0.547409
1.405000	-0.549079	-0.549161
1.406500	-0.550826	-0.550910
1.408000	-0.552571	-0.552655
1.409500	-0.554312	-0.554398
1.411000	-0.556050	-0.556138
1.412500	-0.557786	-0.557874
1.414000	-0.559518	-0.559608
1.415500	-0.561247	-0.561338
1.417000	-0.562973	-0.563065
1.418500	-0.564695	-0.564789
1.420000	-0.566415	-0.566510
1.421500	-0.568131	-0.568228
1.423000	-0.569845	-0.569943
1.424500	-0.571555	-0.571654
1.426000	-0.573262	-0.573363
1.427500	-0.574966	-0.575068
1.429000	-0.576666	-0.576770
1.430500	-0.578364	-0.578468
1.432000	-0.580058	-0.580164
1.433500	-0.581749	-0.581856
1.435000	-0.583436	-0.583545
1.436500	-0.585121	-0.585231
1.438000	-0.586802	-0.586914
1.439500	-0.588480	-0.588593
1.441000	-0.590155	-0.590269
1.442500	-0.591826	-0.591942
1.444000	-0.593494	-0.593611
1.445500	-0.595159	-0.595277
1.447000	-0.596821	-0.596940
1.448500	-0.598479	-0.598600
1.450000	-0.600134	-0.600256
1.451500	-0.601785	-0.601909
1.453000	-0.603433	-0.603558
1.454500	-0.605078	-0.605204
1.456000	-0.606720	-0.606847
1.457500	-0.608358	-0.608486
1.459000	-0.609993	-0.610122
1.460500	-0.611624	-0.611755
1.462000	-0.613252	-0.613384
1.463500	-0.614877	-0.615010
1.465000	-0.616498	-0.616632
1.466500	-0.618115	-0.618251
1.468000	-0.619730	-0.619866
1.469500	-0.621340	-0.621478
1.471000	-0.622948	-0.623087
1.472500	-0.624552	-0.624692
1.474000	-0.626152	-0.626293
1.475500	-0.627749	-0.627891
1.477000	-0.629343	-0.629486
1.478500	-0.630933	-0.631077
1.480000	-0.632519	-0.632664
1.481500	-0.634102	-0.634248
1.483000	-0.635681	-0.635828
1.484500	-0.637257	-0.637405
1.486000	-0.638830	-0.638978
1.487500	-0.640398	-0.640548
1.489000	-0.641964	-0.642114
1.490500	-0.643525	-0.643676
1.492000	-0.645083	-0.645235
1.493500	-0.646638	-0.646790
1.495000	-0.648189	-0.648342
1.496500	-0.649736	-0.649890
1.498000	-0.651280	-0.651434
1.499500	-0.652820	-0.652975
1.501000	-0.654357	-0.654512
1.502500	-0.655889	-0.656045
1.504000	-0.657419	-0.657574
1.505500	-0.658944	-0.659100
1.507000	-0.660466	-0.660622
1.508500	-0.661984	-0.662141
1.510000	-0.663499	-0.663656
1.511500	-0.665010	-0.665166
1.513000	-0.666517	-0.666674
1.514500	-0.668020	-0.668177
1.516000	-0.669520	-0.669677
1.517500	-0.671016	-0.671173
1.519000	-0.672508	-0.672665
1.520500	-0.673997	-0.674153
1.522000	-0.675482	-0.675638
1.523500	-0.676963	-0.677118
1.525000	-0.678440	-0.678595
1.526500	-0.679914	-0.680068
1.528000	-0.681383	-0.681537
1.529500	-0.682849	-0.683002
1.531000	-0.684311	-0.684464
1.532500	-0.685770	-0.685921
1.534000	-0.687224	-0.687375
1.535500	-0.688675	-0.688825
1.537000	-0.690122	-0.690271
1.538500	-0.691565	-0.691713
1.540000	-0.693004	-0.693151
1.541500	-0.694440	-0.694585
1.543000	-0.695871	-0.696015
1.544500	-0.697299	-0.697441
1.546000	-0.698723	-0.698863
1.547500	-0.700142	-0.700281
1.549000	-0.701559	-0.701695
1.550500	-0.702971	-0.703106
1.552000	-0.704379	-0.704512
1.553500	-0.705783	-0.705914
1.555000	-0.707183	-0.707312
1.556500	-0.708580	-0.708706
1.558000	-0.709972	-0.710096
1.559500	-0.711361	-0.711482
1.561000	-0.712746	-0.712864
1.562500	-0.714126	-0.714242
1.564000	-0.715503	-0.715616
1.565500	-0.716876	-0.716985
1.567000	-0.718244	-0.718351
1.568500	-0.719609	-0.719712
1.570000	-0.720970	-0.721070
1.571500	-0.722327	-0.722423
1.573000	-0.723679	-0.723772
1.574500	-0.725028	-0.725117
1.576000	-0.726373	-0.726457
1.577500	-0.727713	-0.727794
1.579000	-0.729050	-0.729126
1.580500	-0.730382	-0.730454
1.582000	-0.731711	-0.731778
1.583500	-0.733035	-0.733098
1.585000	-0.734356	-0.734413
1.586500	-0.735672	-0.735725
1.588000	-0.736984	-0.737032
1.589500	-0.738292	-0.738334
1.591000	-0.739596	-0.739633
1.592500	-0.740896	-0.740927
1.594000	-0.742192	-0.742217
1.595500	-0.743483	-0.743502
1.597000	-0.744771	-0.744784
1.598500	-0.746054	-0.746061
1.600000	-0.747333	-0.747333
1.601500	-0.748608	-0.748602
1.603000	-0.749879	-0.749866
1.604500	-0.751146	-0.751125
1.606000	-0.752409	-0.752381
1.607500	-0.753667	-0.753632
1.609000	-0.754921	-0.754878
1.610500	-0.756171	-0.756120
1.612000	-0.757417	-0.757358
1.613500	-0.758659	-0.758592
1.615000	-0.759896	-0.759821
1.616500	-0.761129	-0.761046
1.618000	-0.762358	-0.762266
1.619500	-0.763583	-0.763482
1.621000	-0.764803	-0.764694
1.622500	-0.766019	-0.765901
1.624000	-0.767231	-0.767104
1.625500	-0.768439	-0.768303
1.627000	-0.769642	-0.769497
1.628500	-0.770842	-0.770687
1.630000	-0.772036	-0.771873
1.631500	-0.773227	-0.773054
1.633000	-0.774413	-0.774231
1.634500	-0.775595	-0.775403
1.636000	-0.776773	-0.776571
1.637500	-0.777946	-0.777734
1.639000	-0.779115	-0.778894
1.640500	-0.780280	-0.780048
1.642000	-0.781440	-0.781199
1.643500	-0.782596	-0.782345
1.645000	-0.783748	-0.783486
1.646500	-0.784895	-0.784624
1.648000	-0.786038	-0.785756
1.649500	-0.787177	-0.786885
1.651000	-0.788311	-0.788009
1.652500	-0.789441	-0.789128
1.654000	-0.790566	-0.790244
1.655500	-0.791687	-0.791354
1.657000	-0.792804	-0.792461
1.658500	-0.793916	-0.793563
1.660000	-0.795024	-0.794660
1.661500	-0.796127	-0.795753
1.663000	-0.797226	-0.796842
1.664500	-0.798321	-0.797926
1.666000	-0.799411	-0.799006
1.667500	-0.800497	-0.800081
1.669000	-0.801578	-0.801152
1.670500	-0.802655	-0.802219
1.672000	-0.803727	-0.803281
1.673500	-0.804795	-0.804339
1.675000	-0.805858	-0.805392
1.676500	-0.806917	-0.806441
1.678000	-0.807971	-0.807485
1.679500	-0.809021	-0.808525
1.681000	-0.810067	-0.809560
1.682500	-0.811108	-0.810591
1.684000	-0.812144	-0.811618
1.685500	-0.813176	-0.812640
1.687000	-0.814203	-0.813657
1.688500	-0.815226	-0.814671
1.690000	-0.816245	-0.815679
1.691500	-0.817259	-0.816684
1.693000	-0.818268	-0.817683
1.694500	-0.819273	-0.818679
1.696000	-0.820273	-0.819669
1.697500	-0.821268	-0.820656
1.699000	-0.822259	-0.821638
1.700500	-0.823246	-0.822615
1.702000	-0.824228	-0.823588
1.703500	-0.825205	-0.824556
1.705000	-0.826178	-0.825520
1.706500	-0.827146	-0.826480
1.708000	-0.828110	-0.827435
1.709500	-0.829068	-0.828385
1.711000	-0.830023	-0.829331
1.712500	-0.830973	-0.830273
1.714000	-0.831918	-0.831210
1.715500	-0.832858	-0.832143
1.717000	-0.833794	-0.833071
1.718500	-0.834725	-0.833994
1.720000	-0.835652	-0.834913
1.721500	-0.836574	-0.835828
1.723000	-0.837491	-0.836738
1.724500	-0.838404	-0.837643
1.726000	-0.839312	-0.838544
1.727500	-0.840215	-0.839441
1.729000	-0.841114	-0.840333
1.730500	-0.842008	-0.841220
1.732000	-0.842897	-0.842103
1.733500	-0.843782	-0.842981
1.735000	-0.844662	-0.843855
1.736500	-0.845537	-0.844725
1.738000	-0.846407	-0.845590
1.739500	-0.847273	-0.846450
1.741000	-0.848134	-0.847306
1.742500	-0.848991	-0.848157
1.744000	-0.849843	-0.849004
1.745500	-0.850690	-0.849846
1.747000	-0.851532	-0.850683
1.748500	-0.852369	-0.851516
1.750000	-0.853202	-0.852345
1.751500	-0.854030	-0.853169
1.753000	-0.854854	-0.853988
1.754500	-0.855672	-0.854803
1.756000	-0.856486	-0.855614
1.757500	-0.857295	-0.856419
1.759000	-0.858099	-0.857221
1.760500	-0.858899	-0.858017
1.762000	-0.859694	-0.858809
1.763500	-0.860483	-0.859597
1.765000	-0.861269	-0.860380
1.766500	-0.862049	-0.861158
1.768000	-0.862825	-0.861932
1.769500	-0.863596	-0.862701
1.771000	-0.864362	-0.863466
1.772500	-0.865123	-0.864226
1.774000	-0.865879	-0.864982
1.775500	-0.866631	-0.865732
1.777000	-0.867378	-0.866479
1.778500	-0.868120	-0.867221
1.780000	-0.868857	-0.867958
1.781500	-0.869589	-0.868690
1.783000	-0.870316	-0.869418
1.784500	-0.871039	-0.870142
1.786000	-0.871757	-0.870861
1.787500	-0.872470	-0.871575
1.789000	-0.873178	-0.872284
1.790500	-0.873881	-0.872990
1.792000	-0.874580	-0.873690
1.793500	-0.875273	-0.874386
1.795000	-0.875962	-0.875077
1.796500	-0.876646	-0.875764
1.798000	-0.877325	-0.876446
1.799500	-0.877999	-0.877123
1.801000	-0.878668	-0.877796
1.802500	-0.879332	-0.878464
1.804000	-0.879992	-0.879127
1.805500	-0.880646	-0.879786
1.807000	-0.881296	-0.880440
1.808500	-0.881941	-0.881090
1.810000	-0.882581	-0.881735
1.811500	-0.883215	-0.882375
1.813000	-0.883845	-0.883011
1.814500	-0.884471	-0.883642
1.816000	-0.885091	-0.884269
1.817500	-0.885706	-0.884891
1.819000	-0.886317	-0.885508
1.820500	-0.886922	-0.886120
1.822000	-0.887522	-0.886728
1.823500	-0.888118	-0.887331
1.825000	-0.888709	-0.887930
1.826500	-0.889294	-0.888524
1.828000	-0.889875	-0.889113
1.829500	-0.890451	-0.889698
1.831000	-0.891022	-0.890278
1.832500	-0.891588	-0.890853
1.834000	-0.892149	-0.891424
1.835500	-0.892705	-0.891990
1.837000	-0.893256	-0.892551
1.838500	-0.893802	-0.893108
1.840000	-0.894343	-0.893660
1.841500	-0.894879	-0.894207
1.843000	-0.895411	-0.894750
1.844500	-0.895937	-0.895288
1.846000	-0.896458	-0.895821
1.847500	-0.896974	-0.896350
1.849000	-0.897486	-0.896874
1.850500	-0.897992	-0.897393
1.852000	-0.898493	-0.897907
1.853500	-0.898989	-0.898417
1.855000	-0.899481	-0.898922
1.856500	-0.899967	-0.899423
1.858000	-0.900448	-0.899919
1.859500	-0.900925	-0.900410
1.861000	-0.901396	-0.900896
1.862500	-0.901862	-0.901378
1.864000	-0.902324	-0.901855
1.865500	-0.902780	-0.902327
1.867000	-0.903231	-0.902795
1.868500	-0.903677	-0.903257
1.870000	-0.904119	-0.903716
1.871500	-0.904555	-0.904169
1.873000	-0.904986	-0.904618
1.874500	-0.905412	-0.905062
1.876000	-0.905833	-0.905501
1.877500	-0.906249	-0.905935
1.879000	-0.906660	-0.906365
1.880500	-0.907066	-0.906790
1.882000	-0.907467	-0.907211
1.883500	-0.907863	-0.907626
1.885000	-0.908254	-0.908037
1.886500	-0.908640	-0.908443
1.888000	-0.909021	-0.908845
1.889500	-0.909397	-0.909241
1.891000	-0.909767	-0.909633
1.892500	-0.910133	-0.910020
1.894000	-0.910493	-0.910403
1.895500	-0.910849	-0.910781
1.897000	-0.911199	-0.911154
1.898500	-0.911545	-0.911522
1.900000	-0.911885	-0.911885
1.901500	-0.912220	-0.912244
1.903000	-0.912551	-0.912598
1.904500	-0.912876	-0.912947
1.906000	-0.913196	-0.913291
1.907500	-0.913511	-0.913631
1.909000	-0.913821	-0.913965
1.910500	-0.914125	-0.914295
1.912000	-0.914425	-0.914621
1.913500	-0.914720	-0.914941
1.915000	-0.915009	-0.915256
1.916500	-0.915294	-0.915567
1.918000	-0.915573	-0.915873
1.919500	-0.915848	-0.916174
1.921000	-0.916117	-0.916470
1.922500	-0.916381	-0.916761
1.924000	-0.916640	-0.917047
1.925500	-0.916894	-0.917329
1.927000	-0.917143	-0.917605
1.928500	-0.917387	-0.917877
1.930000	-0.917625	-0.918143
1.931500	-0.917859	-0.918405
1.933000	-0.918087	-0.918662
1.934500	-0.918311	-0.918914
1.936000	-0.918529	-0.919161
1.937500	-0.918742	-0.919402
1.939000	-0.918950	-0.919639
1.940500	-0.919153	-0.919871
1.942000	-0.919351	-0.920098
1.943500	-0.919544	-0.920320
1.945000	-0.919731	-0.920537
1.946500	-0.919914	-0.920749
1.948000	-0.920091	-0.920956
1.949500	-0.920264	-0.921158
1.951000	-0.920431	-0.921355
1.952500	-0.920593	-0.921547
1.954000	-0.920750	-0.921734
1.955500	-0.920902	-0.921915
1.957000	-0.921048	-0.922092
1.958500	-0.921190	-0.922263
1.960000	-0.921327	-0.922430
1.961500	-0.921458	-0.922591
1.963000	-0.921584	-0.922747
1.964500	-0.921705	-0.922899
1.966000	-0.921821	-0.923045
1.967500	-0.921932	-0.923185
1.969000	-0.922038	-0.923321
1.970500	-0.922139	-0.923452
1.972000	-0.922234	-0.923577
1.973500	-0.922325	-0.923697
1.975000	-0.922410	-0.923812
1.976500	-0.922490	-0.923922
1.978000	-0.922565	-0.924027
1.979500	-0.922635	-0.924126
1.981000	-0.922700	-0.924221
1.982500	-0.922759	-0.924310
1.984000	-0.922814	-0.924394
1.985500	-0.922863	-0.924472
1.987000	-0.922907	-0.924545
1.988500	-0.922947	-0.924613
1.990000	-0.922981	-0.924676
1.991500	-0.923009	-0.924734
1.993000	-0.923033	-0.924786
1.994500	-0.923052	-0.924833
1.996000	-0.923065	-0.924875
1.997500	-0.923074	-0.924911
1.999000	-0.923077	-0.924942
2.000500	-0.923075	-0.924968
2.002000	-0.923068	-0.924988
2.003500	-0.923056	-0.925003
2.005000	-0.923039	-0.925013
2.006500	-0.923016	-0.925017
2.008000	-0.922989	-0.925016
2.009500	-0.922956	-0.925010
2.011000	-0.922918	-0.924998
2.012500	-0.922875	-0.924981
2.014000	-0.922827	-0.924958
2.015500	-0.922774	-0.924930
2.017000	-0.922716	-0.924897
2.018500	-0.922652	-0.924858
2.020000	-0.922584	-0.924814
2.021500	-0.922510	-0.924764
2.023000	-0.922431	-0.924709
2.024500	-0.922347	-0.924648
2.026000	-0.922258	-0.924582
2.027500	-0.922164	-0.924510
2.029000	-0.922065	-0.924433
2.030500	-0.921960	-0.924351
2.032000	-0.921851	-0.924263
2.033500	-0.921736	-0.924169
2.035000	-0.921616	-0.924070
2.036500	-0.921491	-0.923965
2.038000	-0.921361	-0.923855
2.039500	-0.921226	-0.923740
2.041000	-0.921086	-0.923618
2.042500	-0.920940	-0.923491
2.044000	-0.920790	-0.923359
2.045500	-0.920634	-0.923221
2.047000	-0.920474	-0.923077
2.048500	-0.920308	-0.922928
2.050000	-0.920137	-0.922773
2.051500	-0.919961	-0.922613
2.053000	-0.919779	-0.922447
2.054500	-0.919593	-0.922275
2.056000	-0.919402	-0.922098
2.057500	-0.919205	-0.921915
2.059000	-0.919004	-0.921726
2.060500	-0.918797	-0.921532
2.062000	-0.918585	-0.921332
2.063500	-0.918368	-0.921126
2.065000	-0.918146	-0.920915
2.066500	-0.917919	-0.920698
2.068000	-0.917687	-0.920475
2.069500	-0.917449	-0.920247
2.071000	-0.917207	-0.920013
2.072500	-0.916959	-0.919773
2.074000	-0.916707	-0.919527
2.075500	-0.916449	-0.919276
2.077000	-0.916186	-0.919018
2.078500	-0.915918	-0.918755
2.080000	-0.915645	-0.918487
2.081500	-0.915367	-0.918212
2.083000	-0.915084	-0.917932
2.084500	-0.914796	-0.917646
2.086000	-0.914502	-0.917354
2.087500	-0.914204	-0.917056
2.089000	-0.913900	-0.916752
2.090500	-0.913592	-0.916443
2.092000	-0.913278	-0.916128
2.093500	-0.912960	-0.915806
2.095000	-0.912636	-0.915479
2.096500	-0.912307	-0.915146
2.098000	-0.911973	-0.914808
2.099500	-0.911634	-0.914463
2.101000	-0.911290	-0.914112
2.102500	-0.910941	-0.913756
2.104000	-0.910587	-0.913394
2.105500	-0.910227	-0.913025
2.107000	-0.909863	-0.912651
2.108500	-0.909494	-0.912271
2.110000	-0.909119	-0.911885
2.111500	-0.908740	-0.911493
2.113000	-0.908355	-0.911095
2.114500	-0.907966	-0.910691
2.116000	-0.907571	-0.910280
2.117500	-0.907171	-0.909864
2.119000	-0.906767	-0.909442
2.120500	-0.906357	-0.909014
2.122000	-0.905942	-0.908580
2.123500	-0.905522	-0.908140
2.125000	-0.905097	-0.907694
2.126500	-0.904668	-0.907242
2.128000	-0.904233	-0.906784
2.129500	-0.903793	-0.906319
2.131000	-0.903348	-0.905849
2.132500	-0.902898	-0.905373
2.134000	-0.902443	-0.904890
2.135500	-0.901983	-0.904401
2.137000	-0.901518	-0.903907
2.138500	-0.901048	-0.903406
2.140000	-0.900573	-0.902899
2.141500	-0.900093	-0.902386
2.143000	-0.899608	-0.901867
2.144500	-0.899118	-0.901341
2.146000	-0.898623	-0.900810
2.147500	-0.898123	-0.900272
2.149000	-0.897618	-0.899728
2.150500	-0.897108	-0.899178
2.152000	-0.896593	-0.898622
2.153500	-0.896073	-0.898059
2.155000	-0.895548	-0.897491
2.156500	-0.895018	-0.896916
2.158000	-0.894483	-0.896335
2.159500	-0.893943	-0.895747
2.161000	-0.893399	-0.895154
2.162500	-0.892849	-0.894554
2.164000	-0.892294	-0.893948
2.165500	-0.891734	-0.893335
2.167000	-0.891170	-0.892717
2.168500	-0.890600	-0.892092
2.170000	-0.890026	-0.891460
2.171500	-0.889446	-0.890823
2.173000	-0.888862	-0.890179
2.174500	-0.888272	-0.889529
2.176000	-0.887678	-0.888872
2.177500	-0.887079	-0.888210
2.179000	-0.886475	-0.887540
2.180500	-0.885866	-0.886865
2.182000	-0.885252	-0.886183
2.183500	-0.884633	-0.885495
2.185000	-0.884009	-0.884800
2.186500	-0.883380	-0.884099
2.188000	-0.882746	-0.883392
2.189500	-0.882108	-0.882678
2.191000	-0.881464	-0.881957
2.192500	-0.880816	-0.881231
2.194000	-0.880163	-0.880498
2.195500	-0.879504	-0.879758
2.197000	-0.878841	-0.879012
2.198500	-0.878174	-0.878260
2.200000	-0.877501	-0.877501
2.201500	-0.876823	-0.876735
2.203000	-0.876140	-0.875963
2.204500	-0.875453	-0.875185
2.206000	-0.874761	-0.874401
2.207500	-0.874064	-0.873610
2.209000	-0.873362	-0.872813
2.210500	-0.872655	-0.872009
2.212000	-0.871943	-0.871200
2.213500	-0.871227	-0.870384
2.215000	-0.870505	-0.869562
2.216500	-0.869779	-0.868734
2.218000	-0.869048	-0.867901
2.219500	-0.868312	-0.867061
2.221000	-0.867571	-0.866215
2.222500	-0.866826	-0.865363
2.224000	-0.866075	-0.864506
2.225500	-0.865320	-0.863643
2.227000	-0.864560	-0.862774
2.228500	-0.863795	-0.861899
2.230000	-0.863026	-0.861018
2.231500	-0.862252	-0.860132
2.233000	-0.861472	-0.859241
2.234500	-0.860688	-0.858344
2.236000	-0.859900	-0.857441
2.237500	-0.859106	-0.856533
2.239000	-0.858308	-0.855619
2.240500	-0.857505	-0.854700
2.242000	-0.856697	-0.853776
2.243500	-0.855885	-0.852846
2.245000	-0.855067	-0.851911
2.246500	-0.854245	-0.850971
2.248000	-0.853418	-0.850026
2.249500	-0.852587	-0.849076
2.251000	-0.851750	-0.848120
2.252500	-0.850909	-0.847160
2.254000	-0.850064	-0.846194
2.255500	-0.849213	-0.845224
2.257000	-0.848358	-0.844248
2.258500	-0.847498	-0.843268
2.260000	-0.846633	-0.842283
2.261500	-0.845764	-0.841293
2.263000	-0.844890	-0.840298
2.264500	-0.844011	-0.839299
2.266000	-0.843128	-0.838295
2.267500	-0.842240	-0.837286
2.269000	-0.841347	-0.836273
2.270500	-0.840450	-0.835255
2.272000	-0.839548	-0.834233
2.273500	-0.838641	-0.833206
2.275000	-0.837729	-0.832175
2.276500	-0.836813	-0.831140
2.278000	-0.835892	-0.830100
2.279500	-0.834967	-0.829056
2.281000	-0.834037	-0.828007
2.282500	-0.833102	-0.826955
2.284000	-0.832163	-0.825898
2.285500	-0.831219	-0.824837
2.287000	-0.830271	-0.823772
2.288500	-0.829317	-0.822703
2.290000	-0.828360	-0.821630
2.291500	-0.827397	-0.820554
2.293000	-0.826430	-0.819473
2.294500	-0.825459	-0.818388
2.296000	-0.824483	-0.817300
2.297500	-0.823502	-0.816207
2.299000	-0.822517	-0.815111
2.300500	-0.821527	-0.814012
2.302000	-0.820532	-0.812908
2.303500	-0.819533	-0.811801
2.305000	-0.818530	-0.810691
2.306500	-0.817522	-0.809577
2.308000	-0.816509	-0.808459
2.309500	-0.815492	-0.807338
2.311000	-0.814470	-0.806214
2.312500	-0.813444	-0.805086
2.314000	-0.812413	-0.803955
2.315500	-0.811378	-0.802821
2.317000	-0.810338	-0.801683
2.318500	-0.809294	-0.800542
2.320000	-0.808245	-0.799398
2.321500	-0.807192	-0.798251
2.323000	-0.806134	-0.797101
2.324500	-0.805072	-0.795948
2.326000	-0.804005	-0.794792
2.327500	-0.802934	-0.793633
2.329000	-0.801859	-0.792471
2.330500	-0.800779	-0.791306
2.332000	-0.799694	-0.790138
2.333500	-0.798605	-0.788968
2.335000	-0.797512	-0.787795
2.336500	-0.796414	-0.786619
2.338000	-0.795312	-0.785441
2.339500	-0.794205	-0.784259
2.341000	-0.793094	-0.783076
2.342500	-0.791978	-0.781890
2.344000	-0.790858	-0.780701
2.345500	-0.789734	-0.779510
2.347000	-0.788605	-0.778317
2.348500	-0.787472	-0.777121
2.350000	-0.786335	-0.775923
2.351500	-0.785193	-0.774722
2.353000	-0.784047	-0.773520
2.354500	-0.782896	-0.772315
2.356000	-0.781742	-0.771108
2.357500	-0.780582	-0.769899
2.359000	-0.779419	-0.768688
2.360500	-0.778251	-0.767475
2.362000	-0.777079	-0.766260
2.363500	-0.775902	-0.765043
2.365000	-0.774721	-0.763824
2.366500	-0.773536	-0.762603
2.368000	-0.772347	-0.761381
2.369500	-0.771153	-0.760156
2.371000	-0.769955	-0.758930
2.372500	-0.768753	-0.757703
2.374000	-0.767546	-0.756473
2.375500	-0.766335	-0.755243
2.377000	-0.765120	-0.754010
2.378500	-0.763901	-0.752776
2.380000	-0.762677	-0.751541
2.381500	-0.761450	-0.750304
2.383000	-0.760218	-0.749066
2.384500	-0.758981	-0.747826
2.386000	-0.757741	-0.746585
2.387500	-0.756496	-0.745343
2.389000	-0.755247	-0.744100
2.390500	-0.753994	-0.742855
2.392000	-0.752737	-0.741609
2.393500	-0.751475	-0.740363
2.395000	-0.750210	-0.739115
2.396500	-0.748940	-0.737866
2.398000	-0.747666	-0.736616
2.399500	-0.746388	-0.735366
2.401000	-0.745105	-0.734114
2.402500	-0.743819	-0.732862
2.404000	-0.742528	-0.731609
2.405500	-0.741234	-0.730355
2.407000	-0.739935	-0.729100
2.408500	-0.738632	-0.727845
2.410000	-0.737325	-0.726589
2.411500	-0.736014	-0.725332
2.413000	-0.734699	-0.724075
2.414500	-0.733380	-0.722818
2.416000	-0.732056	-0.721560
2.417500	-0.730729	-0.720301
2.419000	-0.729397	-0.719042
2.420500	-0.728062	-0.717783
2.422000	-0.726722	-0.716524
2.423500	-0.725379	-0.715264
2.425000	-0.724031	-0.714004
2.426500	-0.722679	-0.712744
2.428000	-0.721324	-0.711484
2.429500	-0.719964	-0.710224
2.431000	-0.718600	-0.708964
2.432500	-0.717232	-0.707704
2.434000	-0.715861	-0.706443
2.435500	-0.714485	-0.705183
2.437000	-0.713106	-0.703923
2.438500	-0.711722	-0.702663
2.440000	-0.710334	-0.701404
2.441500	-0.708943	-0.700145
2.443000	-0.707548	-0.698885
2.444500	-0.706148	-0.697627
2.446000	-0.704745	-0.696369
2.447500	-0.703338	-0.695111
2.449000	-0.701927	-0.693853
2.450500	-0.700512	-0.692596
2.452000	-0.699093	-0.691340
2.453500	-0.697670	-0.690084
2.455000	-0.696243	-0.688829
2.456500	-0.694813	-0.687575
2.458000	-0.693378	-0.686321
2.459500	-0.691940	-0.685068
2.461000	-0.690498	-0.683816
2.462500	-0.689052	-0.682565
2.464000	-0.687602	-0.681314
2.465500	-0.686149	-0.680065
2.467000	-0.684692	-0.678816
2.468500	-0.683230	-0.677569
2.470000	-0.681765	-0.676322
2.471500	-0.680297	-0.675077
2.473000	-0.678824	-0.673833
2.474500	-0.677348	-0.672590
2.476000	-0.675868	-0.671348
2.477500	-0.674384	-0.670108
2.479000	-0.672896	-0.668869
2.480500	-0.671405	-0.667631
2.482000	-0.669910	-0.666394
2.483500	-0.668411	-0.665159
2.485000	-0.666909	-0.663926
2.486500	-0.665403	-0.662694
2.488000	-0.663893	-0.661463
2.489500	-0.662379	-0.660235
2.491000	-0.660862	-0.659007
2.492500	-0.659341	-0.657782
2.494000	-0.657816	-0.656558
2.495500	-0.656288	-0.655336
2.497000	-0.654756	-0.654116
2.498500	-0.653221	-0.652898
2.500000	-0.651681	-0.651681
